325339682,325347880
326040035,326051487
325639273,325703367
324452805,324467053
323792957,323805802
325121374,325141031
325681930,325692981
324981737,324989995
326048604,326049570
326002669,326002950
325399908,325462524
325184666,325199634
324866533,324875162
324603673,324663355
324423914,324667980
326062905,326072494
326014046,326015097
325095158,325106074
324551632,324571018
324563278,324579245
327309261,327377452
327093462,327100666
327024507,327048840
326618710,326882274
326432356,326540683
326598959,326611401
326599409,326611429
326165996,326188199
327927652,327937030
327904324,327927615
327025294,327066218
326748061,326762128
327375660,328308486
328330158,328337589
327646168,327705217
325858563,326369027
327564166,327583209
327327056,327409513
327276433,327278461
327325035,327406159
327147111,327794525
326256835,326660393
326715430,326749425
331396118,331409546
330454307,330485900
329857178,329872440
331292337,331296780
331244604,331259920
328898293,328899927
328837635,328855563
329051186,329100531
331377298,331386644
328888609,328891970
330246430,330267605
330247480,330267624
330176121,330181924
331378030,331482811
330595399,330765250
331522780,331529616
331522749,331529607
330409501,330417035
330409486,330416994
329915738,329924039
329915054,329924007
330017908,330025007
330544347,330582584
329441928,329449709
327617019,328995104
329180891,329188232
329140889,329158148
330883085,330923206
330883035,330923179
330283265,330291089
329369431,329377748
326889818,330342374
326889446,330342365
329534601,329538443
335331228,335355086
332545313,335330215
334772542,334826168
333811285,333910263
333101585,333594663
335233898,335330590
333727619,333728131
333590859,333717876
333514449,333566992
332723044,332724937
331695236,332291654
332877612,333302945
332648587,332772118
334856699,334869084
334855529,334868998
332372286,332455279
332030432,332206809
332030372,332206751
332461564,332467155
331603252,332068367
332571774,332829879
332571483,332829869
333018688,333064963
334803634,334836242
334803974,334836334
334792855,334803740
333800141,334707131
332880669,333810908
332835706,332933661
331993498,331997507
335207080,335283908
333184905,333185342
333911789,333925919
333911801,333925921
333760390,333801562
333063205,333073389
333063197,333073387
332022184,332022268
334108276,334113315
335496828,335526402
332714488,332714774
334589171,334589342
333779392,334627832
334194058,334201188
333697929,333710167
333340188,333669698
338152503,338651412
336714986,336771451
336745613,336754149
335905968,335910537
335815306,335884123
336824539,336839386
338593327,338652964
337776497,338027280
337745166,337754107
336592736,337742761
336398116,336635085
337368511,337423343
337255850,337260178
337040912,337049932
337972530,337976193
337736892,337750959
337736851,337750937
337254943,337328486
336932501,336933499
337909441,337909937
338603736,338637674
337535538,337550968
338121462,338281992
336563220,336568417
338439832,338441997
338016101,338045646
335027721,336671567
339270303,340835832
339269311,339320819
339201913,339228234
340824398,341064501
340202084,340309179
338557362,338973354
341373350,341476984
341373321,341476871
339732523,339740157
339732547,339740161
340918789,340978257
341511219,341645669
341505895,341511279
341505835,341511192
341000150,341077368
340600672,340686722
339637630,340284546
338715056,338991205
341203935,341204117
340890776,340902374
340292502,340297308
339489007,339492950
339436354,339447541
340063611,340064721
339392962,339402089
339338242,339348267
338958921,338959915
338977249,339541818
341426440,341461017
340132118,340152431
340650511,341061372
341354165,341356228
331725184,341378311
340980925,341053041
343113802,343154841
342673277,342864688
342002647,342492576
343901433,343950096
344376798,344390421
343922983,344019158
333337291,333359753
344350835,344393217
340677012,341816500
343193102,343201241
343266523,343279877
341674464,341675752
341668660,341672026
344292078,344297193
343964744,344024015
343972971,343974608
342383044,342597522
342597247,342597487
342343237,342382984
341659739,341976113
343845777,343864604
342555366,343042958
342909094,342921862
342003678,342546880
343169341,343262003
342691890,342743349
340290050,341671391
341337376,341710808
341346653,341704562
343370487,343379630
341875233,341886964
343373024,343382018
343328565,343361734
341757406,341776517
344052857,344180228
343912934,343990310
343886544,343894557
343300260,343306370
342853865,342864700
342298899,342339009
341806573,341811215
344538146,344589392
346295621,346303214
345069000,345529291
344440238,344957533
346340718,346346870
345829451,345839436
346175415,346265940
345688205,345806509
345465550,345497081
346447222,346449617
346399179,346438046
344951683,344993581
345047880,345067901
346925585,347386959
346894272,347386849
346430319,346588971
344933751,345010975
344783331,344786190
344683083,344715076
347333151,347358501
345934236,345945397
345934140,345945393
345714929,345715237
345620297,345621013
345620303,345621027
344851431,344918299
345342983,345387761
345342998,345387756
347259239,347276445
347224286,347242657
344705262,347165869
347082165,347104607
346256450,346829729
346339751,346768283
346747075,346764131
346346339,346359160
350114165,350118827
349623237,350385617
348442951,348509876
348105154,348112477
349506965,349567517
347445179,347594716
348656338,348661766
347530671,347535528
347530680,347535547
347727806,347839173
349931405,349951971
349360363,350369304
347903726,347950625
347903666,347923768
347861277,347862373
347849373,347862220
347797210,347828689
349293370,349717702
347962934,347976516
347962890,347976505
347756953,347763136
347753461,347763101
350246478,350284283
348725206,348745732
349210301,349218926
348814633,348819642
350165874,350167579
348847447,348850217
348565791,348566551
348416796,348418261
353418500,353421684
346863754,346866483
351886067,351950125
351239880,351554598
350708709,350715895
351785790,351907235
351204677,351218831
351204683,351218748
352202044,352355400
353056965,353059210
352900952,352907740
352868078,352872225
352634844,352685863
352394744,352408681
351654534,351654445
350849702,351151689
352357310,352478508
353007235,353381313
352369916,352416451
353528013,353528116
352300409,352309361
351745178,351745233
353164957,353198837
351132072,351143764
352583933,352618464
351742666,351759763
351742679,351759804
352752539,352767434
352378651,352702962
350830878,350841215
352790388,352829781
352773976,352775682
352328700,352330420
352293170,352296948
350787277,350795820
351998102,352004122
355813492,355857234
354204659,354238352
355327994,355363297
356123758,356131150
356049846,356053533
356317743,356322557
353499676,354038873
356025706,356032415
355797196,355864417
354848370,355125170
355832070,355904552
355376312,355384685
355146206,355146997
354785828,354840997
354572921,354588555
354048772,354081399
353585390,353588313
355253388,355291044
354801380,355060447
354485840,354540203
353817112,353865505
354915392,355504538
355319804,355320465
355255262,355263588
354214473,354229096
353681958,353747192
356148907,356150745
355871910,355877391
355370258,355371550
355358297,355366363
355359507,355364364
354930092,354950902
358669700,358711984
360085094,360112974
356578082,356602677
359668780,359678001
358295596,358324706
360653043,360679728
359188689,359230156
358138820,358144515
357424438,357484451
356796207,356802835
360365647,360413778
360365629,360413736
360214483,360219889
357379421,357399181
358673410,358677079
358283893,358289103
357799530,358089591
360010319,360062592
356630322,356630832
358076734,358083192
360072413,360261242
357081615,357538025
356031573,356815276
357649141,358020199
360257998,360260075
359102370,359409068
359098059,359102192
359097578,359102144
358967334,358970302
358395368,358413244
356884752,358400521
356911583,358393656
357445061,357490215
360489404,360489543
358015179,358018107
357135677,357263754
356867643,356872900
359837198,359849955
360101226,360335450
357833334,358316489
357833303,358316479
358531950,358532871
356786829,356809850
355717569,357150774
358679213,359056182
356306884,359574432
359556233,359568015
358626756,358631906
358424355,358423527
356785608,356930409
358434740,358737161
358981331,359174520
359207308,359208801
359720775,359724740
359558395,359565457
357742802,357745979
357573470,357578674
356780996,356784522
363382680,363402773
361962760,362839637
361946280,362159254
363247976,363262609
361659415,361664663
362907869,362956209
361824718,361894321
363220917,363230779
363214976,363225983
362678941,362690506
361752099,362312756
362205470,362234751
360322219,361756195
361172457,361244168
363446229,363446351
361676565,361828353
361370481,361674257
361368774,361370109
359109685,360856212
360840878,360853832
362604175,362645480
362612086,363473435
362973289,363006034
357641732,360978681
359862797,362508263
363151469,363236947
361407050,361409167
361355673,361672965
360490557,361883617
362607700,362646712
360795020,360797645
363692873,363762852
364844993,364876841
364495561,364523986
365438163,365702526
364172253,364318129
364200188,364273660
364199458,364205222
363645070,363645432
366216634,366458673
366224439,366457858
366162512,366173588
364190981,365683140
364248359,364341966
365463847,365464426
364904783,364909307
364359132,364392526
364377918,364378147
363296031,364379468
364531026,365166283
364893126,365128499
364685266,364720962
364899199,365256553
363671488,363867452
363617758,363624086
361323532,365908646
365137921,365597256
365326696,365337895
362690642,364185698
365909684,365910476
364683223,364685614
363859033,364427541
363950894,364019793
364591952,364593420
364061911,364073444
365290206,365659214
365945269,366143860
364075594,364606986
365620061,365628926
365167272,365171257
363993941,363994940
365195779,365224525
365215322,365220588
364786460,364808965
364640448,364642975
364861488,366028457
365353786,365754951
366452913,366459030
365452275,365453193
367159608,367225452
368793341,368842180
366763983,366772739
366726189,366765854
368093900,368852953
367333832,367357338
366546707,367290243
367585515,367649574
367191019,367185429
365907485,368441588
368819919,368841804
369477712,369479133
369307025,369311769
368875219,368894347
368843514,368849547
368745325,368769520
368544026,368571328
368535531,368543363
368428617,368431670
368238554,368243147
367788205,367803821
367719743,367783507
367569628,367707409
367690706,367704556
367678975,367681090
367457197,367488965
367253117,367270534
367138611,367152903
366907983,366995249
367800857,368760736
368660721,368698455
368106895,368562784
366706187,367898586
369338685,369342470
368898355,369281470
365628069,366717203
367379641,367483697
368560482,368560607
367125110,367153768
367177602,367182502
367761382,367763536
367761395,367763546
367690369,367699474
367688128,367699437
369128171,369154317
369561147,369563262
367822327,367836417
369937938,370148171
369851710,370147265
369930371,370021901
370737933,370757307
372284096,372284199
372234537,372252369
370692901,370714308
371233263,371251705
372667703,372968364
372198058,372865836
369883489,369890695
371128343,371153805
370599190,370613618
370205703,370255336
373229229,373236422
372577626,372579383
372384407,372384648
371289970,371621002
371094152,371116875
369788546,369791746
369615029,369615798
372960458,372969983
372681580,372963132
371894323,371906840
370094296,370383941
369721908,369913800
370647736,370654356
372146518,372250387
369638473,369900268
371159335,371426605
370632642,371081776
370548934,370627209
370058826,370060478
370650414,370671486
372937909,372945685
370482661,370510835
370117466,370126750
363136553,372072075
372903641,372916894
371522040,371541677
371051792,371064795
371051788,371064767
371015260,371050144
371015258,371050113
372635040,372655006
369831693,370651039
371284578,371301078
